Original RAW Data: 

[[5.1 3.5 1.4 0.2 nan 1. ]
 [4.9 3.  1.4 0.2 nan 1. ]
 [4.7 3.2 1.3 0.2 nan 1. ]
 [4.6 3.1 1.5 0.2 nan 1. ]
 [5.  3.6 1.4 0.2 nan 1. ]
 [5.4 3.9 1.7 0.4 nan 1. ]
 [4.6 3.4 1.4 0.3 nan 1. ]
 [5.  3.4 1.5 0.2 nan 1. ]
 [4.4 2.9 1.4 0.2 nan 1. ]
 [4.9 3.1 1.5 0.1 nan 1. ]
 [5.5 2.6 4.4 1.2 nan 2. ]
 [6.1 3.  4.6 1.4 nan 2. ]
 [5.8 2.6 4.  1.2 nan 2. ]
 [5.  2.3 3.3 1.  nan 2. ]
 [5.6 2.7 4.2 1.3 nan 2. ]
 [5.7 3.  4.2 1.2 nan 2. ]
 [5.7 2.9 4.2 1.3 nan 2. ]
 [6.2 2.9 4.3 1.3 nan 2. ]
 [5.1 2.5 3.  1.1 nan 2. ]
 [5.7 2.8 4.1 1.3 nan 2. ]
 [6.9 3.1 5.4 2.1 nan 3. ]
 [6.7 3.1 5.6 2.4 nan 3. ]
 [6.9 3.1 5.1 2.3 nan 3. ]
 [5.8 2.7 5.1 1.9 nan 3. ]
 [6.8 3.2 5.9 2.3 nan 3. ]
 [6.7 3.3 5.7 2.5 nan 3. ]
 [6.7 3.  5.2 2.3 nan 3. ]
 [6.3 2.5 5.  1.9 nan 3. ]
 [6.5 3.  5.2 2.  nan 3. ]
 [6.2 3.4 5.4 2.3 nan 3. ]]


Cleaned Data:
sepal len sepal wid petal len petal wid  species  
   5.10      3.50      1.40      0.20      1.00   
   4.90      3.00      1.40      0.20      1.00   
   4.70      3.20      1.30      0.20      1.00   
   4.60      3.10      1.50      0.20      1.00   
   5.00      3.60      1.40      0.20      1.00   
   5.40      3.90      1.70      0.40      1.00   
   4.60      3.40      1.40      0.30      1.00   
   5.00      3.40      1.50      0.20      1.00   
   4.40      2.90      1.40      0.20      1.00   
   4.90      3.10      1.50      0.10      1.00   
   5.50      2.60      4.40      1.20      2.00   
   6.10      3.00      4.60      1.40      2.00   
   5.80      2.60      4.00      1.20      2.00   
   5.00      2.30      3.30      1.00      2.00   
   5.60      2.70      4.20      1.30      2.00   
   5.70      3.00      4.20      1.20      2.00   
   5.70      2.90      4.20      1.30      2.00   
   6.20      2.90      4.30      1.30      2.00   
   5.10      2.50      3.00      1.10      2.00   
   5.70      2.80      4.10      1.30      2.00   
   6.90      3.10      5.40      2.10      3.00   
   6.70      3.10      5.60      2.40      3.00   
   6.90      3.10      5.10      2.30      3.00   
   5.80      2.70      5.10      1.90      3.00   
   6.80      3.20      5.90      2.30      3.00   
   6.70      3.30      5.70      2.50      3.00   
   6.70      3.00      5.20      2.30      3.00   
   6.30      2.50      5.00      1.90      3.00   
   6.50      3.00      5.20      2.00      3.00   
   6.20      3.40      5.40      2.30      3.00   

The shape of the array is (30, 5)
The dimensions of the array are: 2
The size of the array is: 150

Array for Species 1:
sepal len sepal wid petal len petal wid  species  
   5.10      3.50      1.40      0.20      1.00   
   4.90      3.00      1.40      0.20      1.00   
   4.70      3.20      1.30      0.20      1.00   
   4.60      3.10      1.50      0.20      1.00   
   5.00      3.60      1.40      0.20      1.00   
   5.40      3.90      1.70      0.40      1.00   
   4.60      3.40      1.40      0.30      1.00   
   5.00      3.40      1.50      0.20      1.00   
   4.40      2.90      1.40      0.20      1.00   
   4.90      3.10      1.50      0.10      1.00   

Array for Species 2:
sepal len sepal wid petal len petal wid  species  
   5.50      2.60      4.40      1.20      2.00   
   6.10      3.00      4.60      1.40      2.00   
   5.80      2.60      4.00      1.20      2.00   
   5.00      2.30      3.30      1.00      2.00   
   5.60      2.70      4.20      1.30      2.00   
   5.70      3.00      4.20      1.20      2.00   
   5.70      2.90      4.20      1.30      2.00   
   6.20      2.90      4.30      1.30      2.00   
   5.10      2.50      3.00      1.10      2.00   
   5.70      2.80      4.10      1.30      2.00   

Array for Species 3:
sepal len sepal wid petal len petal wid  species  
   6.90      3.10      5.40      2.10      3.00   
   6.70      3.10      5.60      2.40      3.00   
   6.90      3.10      5.10      2.30      3.00   
   5.80      2.70      5.10      1.90      3.00   
   6.80      3.20      5.90      2.30      3.00   
   6.70      3.30      5.70      2.50      3.00   
   6.70      3.00      5.20      2.30      3.00   
   6.30      2.50      5.00      1.90      3.00   
   6.50      3.00      5.20      2.00      3.00   
   6.20      3.40      5.40      2.30      3.00   

Full Data Set Statistics
      sepal len     sepal wid     petal len     petal wid      species    
MAX:     6.900         3.900         5.900         2.500         3.000     
MIN:     4.400         2.300         1.300         0.100         1.000     
AVG:     5.683         3.027         3.613         1.217         2.000     
STD:     0.760         0.350         1.650         0.820         0.820     

Species 1 Statistics
      sepal len     sepal wid     petal len     petal wid   
MAX:      5.40          3.90          1.70          0.40     
MIN:      4.40          2.90          1.30          0.10     
AVG:      4.86          3.31          1.45          0.22     
STD:      0.28          0.29          0.10          0.07     

Species 2 Statistics
      sepal len     sepal wid     petal len     petal wid   
MAX:     6.200         3.000         4.600         1.400     
MIN:     5.000         2.300         3.000         1.000     
AVG:     5.640         2.730         4.030         1.230     
STD:     0.360         0.220         0.470         0.110     

Species 3 Statistics
      sepal len     sepal wid     petal len     petal wid   
MAX:     6.900         3.400         5.900         2.500     
MIN:     5.800         2.500         5.000         1.900     
AVG:     6.550         3.040         5.360         2.200     
STD:     0.340         0.250         0.280         0.200     

Catagories - compare min species category w/ full data (1 = >)
              Species1  Species2  Species3  
sepal len         0         1         1
sepal wid         1         1         1
petal len         0         1         1
petal wid         0         1         1

runfile('C:/Users/sagra/OneDrive/Desktop/291Work/Projects/NumPy_Stuff/IrisExercise/irisCodeFINAL.py', wdir='C:/Users/sagra/OneDrive/Desktop/291Work/Projects/NumPy_Stuff/IrisExercise')
Original RAW Data: 

[[5.1 3.5 1.4 0.2 nan 1. ]
 [4.9 3.  1.4 0.2 nan 1. ]
 [4.7 3.2 1.3 0.2 nan 1. ]
 [4.6 3.1 1.5 0.2 nan 1. ]
 [5.  3.6 1.4 0.2 nan 1. ]
 [5.4 3.9 1.7 0.4 nan 1. ]
 [4.6 3.4 1.4 0.3 nan 1. ]
 [5.  3.4 1.5 0.2 nan 1. ]
 [4.4 2.9 1.4 0.2 nan 1. ]
 [4.9 3.1 1.5 0.1 nan 1. ]
 [5.5 2.6 4.4 1.2 nan 2. ]
 [6.1 3.  4.6 1.4 nan 2. ]
 [5.8 2.6 4.  1.2 nan 2. ]
 [5.  2.3 3.3 1.  nan 2. ]
 [5.6 2.7 4.2 1.3 nan 2. ]
 [5.7 3.  4.2 1.2 nan 2. ]
 [5.7 2.9 4.2 1.3 nan 2. ]
 [6.2 2.9 4.3 1.3 nan 2. ]
 [5.1 2.5 3.  1.1 nan 2. ]
 [5.7 2.8 4.1 1.3 nan 2. ]
 [6.9 3.1 5.4 2.1 nan 3. ]
 [6.7 3.1 5.6 2.4 nan 3. ]
 [6.9 3.1 5.1 2.3 nan 3. ]
 [5.8 2.7 5.1 1.9 nan 3. ]
 [6.8 3.2 5.9 2.3 nan 3. ]
 [6.7 3.3 5.7 2.5 nan 3. ]
 [6.7 3.  5.2 2.3 nan 3. ]
 [6.3 2.5 5.  1.9 nan 3. ]
 [6.5 3.  5.2 2.  nan 3. ]
 [6.2 3.4 5.4 2.3 nan 3. ]]


Cleaned Data:
sepal len sepal wid petal len petal wid  species  
   5.10      3.50      1.40      0.20      1.00   
   4.90      3.00      1.40      0.20      1.00   
   4.70      3.20      1.30      0.20      1.00   
   4.60      3.10      1.50      0.20      1.00   
   5.00      3.60      1.40      0.20      1.00   
   5.40      3.90      1.70      0.40      1.00   
   4.60      3.40      1.40      0.30      1.00   
   5.00      3.40      1.50      0.20      1.00   
   4.40      2.90      1.40      0.20      1.00   
   4.90      3.10      1.50      0.10      1.00   
   5.50      2.60      4.40      1.20      2.00   
   6.10      3.00      4.60      1.40      2.00   
   5.80      2.60      4.00      1.20      2.00   
   5.00      2.30      3.30      1.00      2.00   
   5.60      2.70      4.20      1.30      2.00   
   5.70      3.00      4.20      1.20      2.00   
   5.70      2.90      4.20      1.30      2.00   
   6.20      2.90      4.30      1.30      2.00   
   5.10      2.50      3.00      1.10      2.00   
   5.70      2.80      4.10      1.30      2.00   
   6.90      3.10      5.40      2.10      3.00   
   6.70      3.10      5.60      2.40      3.00   
   6.90      3.10      5.10      2.30      3.00   
   5.80      2.70      5.10      1.90      3.00   
   6.80      3.20      5.90      2.30      3.00   
   6.70      3.30      5.70      2.50      3.00   
   6.70      3.00      5.20      2.30      3.00   
   6.30      2.50      5.00      1.90      3.00   
   6.50      3.00      5.20      2.00      3.00   
   6.20      3.40      5.40      2.30      3.00   

The shape of the array is (30, 5)
The dimensions of the array are: 2
The size of the array is: 150

Array for Species 1:
sepal len sepal wid petal len petal wid  species  
   5.10      3.50      1.40      0.20      1.00   
   4.90      3.00      1.40      0.20      1.00   
   4.70      3.20      1.30      0.20      1.00   
   4.60      3.10      1.50      0.20      1.00   
   5.00      3.60      1.40      0.20      1.00   
   5.40      3.90      1.70      0.40      1.00   
   4.60      3.40      1.40      0.30      1.00   
   5.00      3.40      1.50      0.20      1.00   
   4.40      2.90      1.40      0.20      1.00   
   4.90      3.10      1.50      0.10      1.00   

Array for Species 2:
sepal len sepal wid petal len petal wid  species  
   5.50      2.60      4.40      1.20      2.00   
   6.10      3.00      4.60      1.40      2.00   
   5.80      2.60      4.00      1.20      2.00   
   5.00      2.30      3.30      1.00      2.00   
   5.60      2.70      4.20      1.30      2.00   
   5.70      3.00      4.20      1.20      2.00   
   5.70      2.90      4.20      1.30      2.00   
   6.20      2.90      4.30      1.30      2.00   
   5.10      2.50      3.00      1.10      2.00   
   5.70      2.80      4.10      1.30      2.00   

Array for Species 3:
sepal len sepal wid petal len petal wid  species  
   6.90      3.10      5.40      2.10      3.00   
   6.70      3.10      5.60      2.40      3.00   
   6.90      3.10      5.10      2.30      3.00   
   5.80      2.70      5.10      1.90      3.00   
   6.80      3.20      5.90      2.30      3.00   
   6.70      3.30      5.70      2.50      3.00   
   6.70      3.00      5.20      2.30      3.00   
   6.30      2.50      5.00      1.90      3.00   
   6.50      3.00      5.20      2.00      3.00   
   6.20      3.40      5.40      2.30      3.00   

Full Data Set Statistics
      sepal len     sepal wid     petal len     petal wid      species    
MAX:     6.900         3.900         5.900         2.500         3.000     
MIN:     4.400         2.300         1.300         0.100         1.000     
AVG:     5.683         3.027         3.613         1.217         2.000     
STD:     0.760         0.350         1.650         0.820         0.820     

Species 1 Statistics
      sepal len     sepal wid     petal len     petal wid   
MAX:      5.40          3.90          1.70          0.40     
MIN:      4.40          2.90          1.30          0.10     
AVG:      4.86          3.31          1.45          0.22     
STD:      0.28          0.29          0.10          0.07     

Species 2 Statistics
      sepal len     sepal wid     petal len     petal wid   
MAX:     6.200         3.000         4.600         1.400     
MIN:     5.000         2.300         3.000         1.000     
AVG:     5.640         2.730         4.030         1.230     
STD:     0.360         0.220         0.470         0.110     

Species 3 Statistics
      sepal len     sepal wid     petal len     petal wid   
MAX:     6.900         3.400         5.900         2.500     
MIN:     5.800         2.500         5.000         1.900     
AVG:     6.550         3.040         5.360         2.200     
STD:     0.340         0.250         0.280         0.200     

Catagories - compare min species category w/ full data (1 = >)
              Species1  Species2  Species3  
sepal len         0         1         1
sepal wid         1         0         1
petal len         0         1         1
petal wid         0         1         1
